0 0.196558 0.548295 0.315566 0.613227
1 0.675391 0.545125 0.532369 0.573795
1 0.204078 0.195761 0.112730 0.128341
1 0.168489 0.195511 0.100268 0.156977
1 0.123839 0.150875 0.085461 0.107250
1 0.113781 0.117102 0.071669 0.097659
1 0.156459 0.191102 0.107550 0.167432
1 0.254877 0.220523 0.172882 0.195318
1 0.104201 0.103295 0.057410 0.081591
1 0.145064 0.143750 0.097690 0.143227
1 0.234440 0.190580 0.168436 0.153432
1 0.210023 0.175716 0.145111 0.157341
1 0.094282 0.096136 0.067328 0.071818
1 0.153646 0.134136 0.104422 0.156273
1 0.271254 0.262864 0.162532 0.185727
1 0.261838 0.236670 0.178075 0.188886
1 0.067736 0.095727 0.102870 0.119682
1 0.117614 0.100534 0.065123 0.092114
1 0.201214 0.189364 0.132882 0.151727
1 0.258792 0.221136 0.177118 0.187727
1 0.600420 0.481580 0.460583 0.492705
1 0.289790 0.271693 0.154796 0.210750
1 0.261995 0.246932 0.181027 0.213864
1 0.284312 0.257477 0.195578 0.269273
1 0.084183 0.080909 0.063139 0.086364
1 0.221937 0.209773 0.171949 0.166409
