0 0.808324 0.379108 0.276251 0.538301
1 0.329767 0.396911 0.545518 0.573907
1 0.132672 0.102558 0.099220 0.097643
1 0.251723 0.238185 0.191758 0.204225
1 0.123946 0.125021 0.085658 0.093907
1 0.210925 0.180085 0.143295 0.160085
1 0.136746 0.114554 0.098498 0.084650
1 0.238498 0.218854 0.173760 0.209512
1 0.214464 0.144724 0.099499 0.151783
1 0.219400 0.191019 0.126903 0.167134
1 0.244226 0.142760 0.162002 0.148408
1 0.148580 0.117590 0.109616 0.086985
1 0.228038 0.222304 0.152841 0.146773
1 0.199505 0.158938 0.159616 0.151125
1 0.167811 0.146932 0.100000 0.118365
1 0.072410 0.066348 0.050058 0.052229
1 0.123475 0.117304 0.087020 0.086327
1 0.170460 0.154076 0.137660 0.139278
1 0.243242 0.157941 0.151234 0.122378
1 0.228172 0.221115 0.152573 0.148217
1 0.135902 0.125488 0.095623 0.088981
1 0.140297 0.101168 0.093399 0.121656
1 0.252142 0.235117 0.192037 0.205223
1 0.085274 0.075265 0.063446 0.082803
1 0.265111 0.249076 0.190175 0.184904
1 0.095751 0.089490 0.065425 0.061783
1 0.176380 0.166847 0.128219 0.142187
1 0.122555 0.106391 0.085343 0.094947
1 0.300745 0.240382 0.193574 0.243907
1 0.294290 0.215510 0.205553 0.191486
1 0.245047 0.250594 0.161013 0.197113
1 0.115134 0.080372 0.068102 0.101338
1 0.085448 0.079406 0.068335 0.069002
1 0.092311 0.106486 0.066508 0.074671
1 0.417776 0.314968 0.317416 0.304671
1 0.161542 0.146189 0.042480 0.105032
1 0.204162 0.156975 0.154307 0.165881
1 0.243586 0.210584 0.179837 0.175945
1 0.272113 0.215234 0.182596 0.170764
1 0.246380 0.218769 0.186217 0.198896
1 0.141228 0.134437 0.104272 0.118556
1 0.673818 0.509246 0.531129 0.536030
1 0.203603 0.182877 0.112468 0.119894
1 0.168097 0.182643 0.100035 0.146645
1 0.123551 0.140945 0.085262 0.100191
1 0.113516 0.109395 0.071502 0.091231
1 0.156094 0.178524 0.107299 0.156412
1 0.254284 0.206008 0.172480 0.182463
1 0.103958 0.096497 0.057276 0.076221
1 0.144726 0.134289 0.097462 0.133800
1 0.233894 0.178036 0.168044 0.143333
1 0.209534 0.164151 0.144773 0.146985
1 0.094063 0.089809 0.067171 0.067091
1 0.153289 0.125308 0.104179 0.145987
1 0.270623 0.245563 0.162154 0.173503
1 0.261228 0.221093 0.177660 0.176454
1 0.067579 0.089427 0.102631 0.111805
1 0.117340 0.093917 0.064971 0.086051
1 0.200745 0.176900 0.132573 0.141741
1 0.258190 0.206582 0.176705 0.175372
1 0.599022 0.449883 0.459511 0.460276
1 0.289115 0.253811 0.154435 0.196879
1 0.261385 0.230679 0.180605 0.199788
1 0.283650 0.240531 0.195122 0.251550
1 0.083987 0.075584 0.062992 0.080679
1 0.221420 0.195966 0.171548 0.155456
